---
# github.com/AlDanial/cloc
header :
  cloc_url           : github.com/AlDanial/cloc
  cloc_version       : 2.04
  elapsed_seconds    : 6.58809304237366
  n_files            : 4507
  n_lines            : 1098789
  files_per_second   : 684.112985504551
  lines_per_second   : 166784.074379756
  report_file        : w.2025.02.yaml
'Python' :
  nFiles: 3246
  blank: 122867
  comment: 263794
  code: 458429
'C++' :
  nFiles: 756
  blank: 18412
  comment: 27354
  code: 101455
'C/C++ Header' :
  nFiles: 505
  blank: 14972
  comment: 49699
  code: 41807
SUM:
  blank: 156251
  comment: 340847
  code: 601691
  nFiles: 4507
