---
# github.com/AlDanial/cloc
header :
  cloc_url           : github.com/AlDanial/cloc
  cloc_version       : 1.88
  elapsed_seconds    : 21.7584600448608
  n_files            : 3794
  n_lines            : 800105
  files_per_second   : 174.36895773771
  lines_per_second   : 36772.133613793
  report_file        : w.2020.49.yaml
'Python' :
  nFiles: 2497
  blank: 87746
  comment: 172030
  code: 287571
'C++' :
  nFiles: 790
  blank: 19462
  comment: 27783
  code: 101120
'C/C++ Header' :
  nFiles: 507
  blank: 14778
  comment: 48776
  code: 40839
SUM:
  blank: 121986
  comment: 248589
  code: 429530
  nFiles: 3794
