---
# github.com/AlDanial/cloc
header : 
  cloc_url           : github.com/AlDanial/cloc
  cloc_version       : 2.06
  elapsed_seconds    : 5.24642395973206
  n_files            : 4760
  n_lines            : 1195423
  files_per_second   : 907.28466409396
  lines_per_second   : 227854.822480083
  report_file        : w.2025.46.yaml
'Python' :
  nFiles: 3507
  blank: 136515
  comment: 287252
  code: 519768
'C++' :
  nFiles: 751
  blank: 18231
  comment: 27203
  code: 100520
'C/C++ Header' :
  nFiles: 502
  blank: 14915
  comment: 49468
  code: 41551
SUM: 
  blank: 169661
  comment: 363923
  code: 661839
  nFiles: 4760
