---
# github.com/AlDanial/cloc
header : 
  cloc_url           : github.com/AlDanial/cloc
  cloc_version       : 2.04
  elapsed_seconds    : 6.67537212371826
  n_files            : 4692
  n_lines            : 1184879
  files_per_second   : 702.882163427093
  lines_per_second   : 177500.067118357
  report_file        : w.2025.33.yaml
'Python' :
  nFiles: 3438
  blank: 134858
  comment: 285128
  code: 511996
'C++' :
  nFiles: 752
  blank: 18307
  comment: 27218
  code: 100983
'C/C++ Header' :
  nFiles: 502
  blank: 14958
  comment: 49675
  code: 41756
SUM: 
  blank: 168123
  comment: 362021
  code: 654735
  nFiles: 4692
