---
# github.com/AlDanial/cloc
header : 
  cloc_url           : github.com/AlDanial/cloc
  cloc_version       : 1.92
  elapsed_seconds    : 6.55474901199341
  n_files            : 3895
  n_lines            : 896134
  files_per_second   : 594.225651184082
  lines_per_second   : 136715.227136892
  report_file        : w.2023.10.yaml
'Python' :
  nFiles: 2630
  blank: 97028
  comment: 198279
  code: 348710
'C++' :
  nFiles: 757
  blank: 18452
  comment: 26826
  code: 101240
'C/C++ Header' :
  nFiles: 508
  blank: 14915
  comment: 49327
  code: 41357
SUM: 
  blank: 130395
  comment: 274432
  code: 491307
  nFiles: 3895
