---
# github.com/AlDanial/cloc
header : 
  cloc_url           : github.com/AlDanial/cloc
  cloc_version       : 2.06
  elapsed_seconds    : 5.14388394355774
  n_files            : 4818
  n_lines            : 1209785
  files_per_second   : 936.646326563048
  lines_per_second   : 235189.015396654
  report_file        : w.2025.44.yaml
'Python' :
  nFiles: 3564
  blank: 138222
  comment: 293090
  code: 525573
'C++' :
  nFiles: 752
  blank: 18307
  comment: 27218
  code: 100986
'C/C++ Header' :
  nFiles: 502
  blank: 14958
  comment: 49675
  code: 41756
SUM: 
  blank: 171487
  comment: 369983
  code: 668315
  nFiles: 4818
