---
# github.com/AlDanial/cloc
header :
  cloc_url           : github.com/AlDanial/cloc
  cloc_version       : 1.72
  elapsed_seconds    : 24.6571900844574
  n_files            : 3412
  n_lines            : 658494
  files_per_second   : 138.377486985054
  lines_per_second   : 26705.9627534396
  report_file        : w.2019.01.yaml
Python :
  nFiles: 2056
  blank: 62081
  comment: 112696
  code: 222433
C++ :
  nFiles: 823
  blank: 20331
  comment: 28764
  code: 106874
C/C++ Header :
  nFiles: 533
  blank: 14946
  comment: 49193
  code: 41176
SUM:
  blank: 97358
  comment: 190653
  code: 370483
  nFiles: 3412
