---
# github.com/AlDanial/cloc
header : 
  cloc_url           : github.com/AlDanial/cloc
  cloc_version       : 1.92
  elapsed_seconds    : 4.31696701049805
  n_files            : 3926
  n_lines            : 851218
  files_per_second   : 909.434793097263
  lines_per_second   : 197179.639763287
  report_file        : w.2021.28.yaml
'Python' :
  nFiles: 2614
  blank: 94766
  comment: 188093
  code: 313198
'C++' :
  nFiles: 802
  blank: 19388
  comment: 28110
  code: 102848
'C/C++ Header' :
  nFiles: 510
  blank: 14839
  comment: 48943
  code: 41033
SUM: 
  blank: 128993
  comment: 265146
  code: 457079
  nFiles: 3926
