---
# github.com/AlDanial/cloc
header : 
  cloc_url           : github.com/AlDanial/cloc
  cloc_version       : 1.72
  elapsed_seconds    : 28.6547718048096
  n_files            : 3372
  n_lines            : 642052
  files_per_second   : 117.676735413193
  lines_per_second   : 22406.4600609464
  report_file        : w.2018.48.yaml
Python :
  nFiles: 2018
  blank: 59619
  comment: 106008
  code: 215506
C++ :
  nFiles: 822
  blank: 20308
  comment: 28731
  code: 106687
C/C++ Header :
  nFiles: 532
  blank: 14932
  comment: 49144
  code: 41117
SUM: 
  blank: 94859
  comment: 183883
  code: 363310
  nFiles: 3372
