---
# github.com/AlDanial/cloc
header : 
  cloc_url           : github.com/AlDanial/cloc
  cloc_version       : 2.04
  elapsed_seconds    : 6.82079386711121
  n_files            : 4617
  n_lines            : 1154706
  files_per_second   : 676.900679004895
  lines_per_second   : 169292.024139274
  report_file        : w.2025.25.yaml
'Python' :
  nFiles: 3362
  blank: 130348
  comment: 279089
  code: 492249
'C++' :
  nFiles: 752
  blank: 18329
  comment: 27214
  code: 101017
'C/C++ Header' :
  nFiles: 503
  blank: 14977
  comment: 49687
  code: 41796
SUM: 
  blank: 163654
  comment: 355990
  code: 635062
  nFiles: 4617
