---
# github.com/AlDanial/cloc
header : 
  cloc_url           : github.com/AlDanial/cloc
  cloc_version       : 1.92
  elapsed_seconds    : 7.19707608222961
  n_files            : 3952
  n_lines            : 895078
  files_per_second   : 549.111883054555
  lines_per_second   : 124366.89424613
  report_file        : w.2022.49.yaml
'Python' :
  nFiles: 2639
  blank: 97778
  comment: 195407
  code: 344871
'C++' :
  nFiles: 802
  blank: 19444
  comment: 28282
  code: 103450
'C/C++ Header' :
  nFiles: 511
  blank: 14954
  comment: 49444
  code: 41448
SUM: 
  blank: 132176
  comment: 273133
  code: 489769
  nFiles: 3952
