---
# github.com/AlDanial/cloc
header :
  cloc_url           : github.com/AlDanial/cloc
  cloc_version       : 1.88
  elapsed_seconds    : 15.6386950016022
  n_files            : 3782
  n_lines            : 797732
  files_per_second   : 241.836035526784
  lines_per_second   : 51010.1386284644
  report_file        : w.2020.47.yaml
'Python' :
  nFiles: 2485
  blank: 87410
  comment: 171217
  code: 286477
'C++' :
  nFiles: 790
  blank: 19460
  comment: 27783
  code: 101107
'C/C++ Header' :
  nFiles: 507
  blank: 14760
  comment: 48760
  code: 40758
SUM:
  blank: 121630
  comment: 247760
  code: 428342
  nFiles: 3782
