---
# github.com/AlDanial/cloc
header : 
  cloc_url           : github.com/AlDanial/cloc
  cloc_version       : 2.04
  elapsed_seconds    : 4.87717795372009
  n_files            : 4699
  n_lines            : 1188013
  files_per_second   : 963.466997634526
  lines_per_second   : 243586.149874609
  report_file        : w.2025.36.yaml
'Python' :
  nFiles: 3445
  blank: 135255
  comment: 285883
  code: 513978
'C++' :
  nFiles: 752
  blank: 18307
  comment: 27218
  code: 100983
'C/C++ Header' :
  nFiles: 502
  blank: 14958
  comment: 49675
  code: 41756
SUM: 
  blank: 168520
  comment: 362776
  code: 656717
  nFiles: 4699
