---
# github.com/AlDanial/cloc
header :
  cloc_url           : github.com/AlDanial/cloc
  cloc_version       : 1.92
  elapsed_seconds    : 5.97908186912537
  n_files            : 3879
  n_lines            : 834676
  files_per_second   : 648.76181408893
  lines_per_second   : 139599.359612398
  report_file        : w.2021.17.yaml
'Python' :
  nFiles: 2575
  blank: 92600
  comment: 183083
  code: 304826
'C++' :
  nFiles: 797
  blank: 19294
  comment: 27987
  code: 102427
'C/C++ Header' :
  nFiles: 507
  blank: 14791
  comment: 48771
  code: 40897
SUM:
  blank: 126685
  comment: 259841
  code: 448150
  nFiles: 3879
