---
# github.com/AlDanial/cloc
header : 
  cloc_url           : github.com/AlDanial/cloc
  cloc_version       : 1.88
  elapsed_seconds    : 14.9709460735321
  n_files            : 3793
  n_lines            : 814634
  files_per_second   : 253.357401821508
  lines_per_second   : 54414.3299961672
  report_file        : w.2021.09.yaml
'Python' :
  nFiles: 2493
  blank: 89462
  comment: 176625
  code: 294640
'C++' :
  nFiles: 793
  blank: 19292
  comment: 27875
  code: 102241
'C/C++ Header' :
  nFiles: 507
  blank: 14787
  comment: 48827
  code: 40885
SUM: 
  blank: 123541
  comment: 253327
  code: 437766
  nFiles: 3793
