---
# github.com/AlDanial/cloc
header : 
  cloc_url           : github.com/AlDanial/cloc
  cloc_version       : 1.72
  elapsed_seconds    : 34.4105350971222
  n_files            : 2807
  n_lines            : 509012
  files_per_second   : 81.5738549859038
  lines_per_second   : 14792.3302722069
  report_file        : w.2017.31.yaml
Python :
  nFiles: 1551
  blank: 44065
  comment: 74121
  code: 157186
C++ :
  nFiles: 783
  blank: 19912
  comment: 27985
  code: 96146
C/C++ Header :
  nFiles: 473
  blank: 13032
  comment: 41339
  code: 35226
SUM: 
  blank: 77009
  comment: 143445
  code: 288558
  nFiles: 2807
