---
# github.com/AlDanial/cloc
header : 
  cloc_url           : github.com/AlDanial/cloc
  cloc_version       : 1.72
  elapsed_seconds    : 33.6874001026154
  n_files            : 3635
  n_lines            : 706808
  files_per_second   : 107.903845025957
  lines_per_second   : 20981.375762065
  report_file        : w.2019.25.yaml
Python :
  nFiles: 2264
  blank: 68917
  comment: 130143
  code: 242540
C++ :
  nFiles: 834
  blank: 20519
  comment: 29121
  code: 107735
C/C++ Header :
  nFiles: 537
  blank: 15247
  comment: 50205
  code: 42381
SUM: 
  blank: 104683
  comment: 209469
  code: 392656
  nFiles: 3635
