---
# github.com/AlDanial/cloc
header : 
  cloc_url           : github.com/AlDanial/cloc
  cloc_version       : 2.04
  elapsed_seconds    : 6.65474891662598
  n_files            : 4650
  n_lines            : 1169457
  files_per_second   : 698.749127616613
  lines_per_second   : 175732.700760245
  report_file        : w.2025.34.yaml
'Python' :
  nFiles: 3396
  blank: 132281
  comment: 282844
  code: 501435
'C++' :
  nFiles: 752
  blank: 18307
  comment: 27218
  code: 100983
'C/C++ Header' :
  nFiles: 502
  blank: 14958
  comment: 49675
  code: 41756
SUM: 
  blank: 165546
  comment: 359737
  code: 644174
  nFiles: 4650
