---
# github.com/AlDanial/cloc
header : 
  cloc_url           : github.com/AlDanial/cloc
  cloc_version       : 1.86
  elapsed_seconds    : 20.2279849052429
  n_files            : 3748
  n_lines            : 748916
  files_per_second   : 185.287858259601
  lines_per_second   : 37023.7571121525
  report_file        : w.2020.11.yaml
'Python' :
  nFiles: 2385
  blank: 76686
  comment: 147026
  code: 262936
'C++' :
  nFiles: 829
  blank: 20019
  comment: 29291
  code: 103772
'C/C++ Header' :
  nFiles: 534
  blank: 15343
  comment: 51596
  code: 42247
SUM: 
  blank: 112048
  comment: 227913
  code: 408955
  nFiles: 3748
