---
# github.com/AlDanial/cloc
header :
  cloc_url           : github.com/AlDanial/cloc
  cloc_version       : 1.88
  elapsed_seconds    : 21.2574739456177
  n_files            : 3747
  n_lines            : 790137
  files_per_second   : 176.267415855046
  lines_per_second   : 37169.8444519505
  report_file        : w.2020.45.yaml
'Python' :
  nFiles: 2450
  blank: 86302
  comment: 167991
  code: 283248
'C++' :
  nFiles: 790
  blank: 19459
  comment: 27789
  code: 101096
'C/C++ Header' :
  nFiles: 507
  blank: 14758
  comment: 48753
  code: 40741
SUM:
  blank: 120519
  comment: 244533
  code: 425085
  nFiles: 3747
