---
# github.com/AlDanial/cloc
header : 
  cloc_url           : github.com/AlDanial/cloc
  cloc_version       : 2.04
  elapsed_seconds    : 6.62473797798157
  n_files            : 4586
  n_lines            : 1138925
  files_per_second   : 692.253794073417
  lines_per_second   : 171920.007068266
  report_file        : w.2025.18.yaml
'Python' :
  nFiles: 3331
  blank: 128234
  comment: 274481
  code: 483387
'C++' :
  nFiles: 752
  blank: 18319
  comment: 27206
  code: 100930
'C/C++ Header' :
  nFiles: 503
  blank: 14960
  comment: 49649
  code: 41759
SUM: 
  blank: 161513
  comment: 351336
  code: 626076
  nFiles: 4586
