---
# github.com/AlDanial/cloc
header :
  cloc_url           : github.com/AlDanial/cloc
  cloc_version       : 1.72
  elapsed_seconds    : 26.9889280796051
  n_files            : 3443
  n_lines            : 666075
  files_per_second   : 127.570831633057
  lines_per_second   : 24679.5648213734
  report_file        : w.2019.03.yaml
Python :
  nFiles: 2087
  blank: 63217
  comment: 116687
  code: 224885
C++ :
  nFiles: 823
  blank: 20331
  comment: 28766
  code: 106874
C/C++ Header :
  nFiles: 533
  blank: 14946
  comment: 49193
  code: 41176
SUM:
  blank: 98494
  comment: 194646
  code: 372935
  nFiles: 3443
