---
# github.com/AlDanial/cloc
header : 
  cloc_url           : github.com/AlDanial/cloc
  cloc_version       : 2.04
  elapsed_seconds    : 8.11722087860107
  n_files            : 4540
  n_lines            : 1098592
  files_per_second   : 559.304726075463
  lines_per_second   : 135340.902561386
  report_file        : w.2024.46.yaml
'Python' :
  nFiles: 3282
  blank: 123264
  comment: 264100
  code: 458742
'C++' :
  nFiles: 756
  blank: 18408
  comment: 27302
  code: 101273
'C/C++ Header' :
  nFiles: 502
  blank: 14881
  comment: 49550
  code: 41072
SUM: 
  blank: 156553
  comment: 340952
  code: 601087
  nFiles: 4540
