---
# github.com/AlDanial/cloc
header :
  cloc_url           : github.com/AlDanial/cloc
  cloc_version       : 1.86
  elapsed_seconds    : 13.5576999187469
  n_files            : 3657
  n_lines            : 726973
  files_per_second   : 269.736018787617
  lines_per_second   : 53620.673444378
  report_file        : w.2019.47.yaml
'Python' :
  nFiles: 2295
  blank: 73984
  comment: 139822
  code: 251346
'C++' :
  nFiles: 828
  blank: 19985
  comment: 29250
  code: 103550
'C/C++ Header' :
  nFiles: 534
  blank: 15320
  comment: 51572
  code: 42144
SUM:
  blank: 109289
  comment: 220644
  code: 397040
  nFiles: 3657
