---
# github.com/AlDanial/cloc
header :
  cloc_url           : github.com/AlDanial/cloc
  cloc_version       : 1.86
  elapsed_seconds    : 11.435122013092
  n_files            : 3609
  n_lines            : 716435
  files_per_second   : 315.606601824455
  lines_per_second   : 62652.1517811315
  report_file        : w.2019.42.yaml
'Python' :
  nFiles: 2268
  blank: 72990
  comment: 138160
  code: 248484
'C++' :
  nFiles: 816
  blank: 19625
  comment: 28764
  code: 101823
'C/C++ Header' :
  nFiles: 525
  blank: 14956
  comment: 50112
  code: 41521
SUM:
  blank: 107571
  comment: 217036
  code: 391828
  nFiles: 3609
