---
# github.com/AlDanial/cloc
header :
  cloc_url           : github.com/AlDanial/cloc
  cloc_version       : 1.88
  elapsed_seconds    : 19.3941769599915
  n_files            : 3876
  n_lines            : 801413
  files_per_second   : 199.853801890942
  lines_per_second   : 41322.3516343719
  report_file        : w.2020.38.yaml
'Python' :
  nFiles: 2517
  blank: 87235
  comment: 166776
  code: 285043
'C++' :
  nFiles: 830
  blank: 20045
  comment: 29331
  code: 103964
'C/C++ Header' :
  nFiles: 529
  blank: 15308
  comment: 51503
  code: 42208
SUM:
  blank: 122588
  comment: 247610
  code: 431215
  nFiles: 3876
