---
# github.com/AlDanial/cloc
header :
  cloc_url           : github.com/AlDanial/cloc
  cloc_version       : 1.92
  elapsed_seconds    : 6.76810812950134
  n_files            : 3893
  n_lines            : 894628
  files_per_second   : 575.197666099762
  lines_per_second   : 132182.876349216
  report_file        : w.2023.08.yaml
'Python' :
  nFiles: 2629
  blank: 96878
  comment: 197890
  code: 347910
'C++' :
  nFiles: 756
  blank: 18436
  comment: 26804
  code: 101111
'C/C++ Header' :
  nFiles: 508
  blank: 14915
  comment: 49327
  code: 41357
SUM:
  blank: 130229
  comment: 274021
  code: 490378
  nFiles: 3893
