---
# github.com/AlDanial/cloc
header :
  cloc_url           : github.com/AlDanial/cloc
  cloc_version       : 1.72
  elapsed_seconds    : 45.0141909122467
  n_files            : 1969
  n_lines            : 386201
  files_per_second   : 43.7417614333774
  lines_per_second   : 8579.53885593285
  report_file        : w.2015.37.yaml
Python :
  nFiles: 1014
  blank: 26445
  comment: 45251
  code: 109094
C++ :
  nFiles: 510
  blank: 16671
  comment: 24142
  code: 86811
C/C++ Header :
  nFiles: 445
  blank: 11448
  comment: 31373
  code: 34966
SUM:
  blank: 54564
  comment: 100766
  code: 230871
  nFiles: 1969
