---
# github.com/AlDanial/cloc
header : 
  cloc_url           : github.com/AlDanial/cloc
  cloc_version       : 1.92
  elapsed_seconds    : 5.93454384803772
  n_files            : 4126
  n_lines            : 893623
  files_per_second   : 695.251413697833
  lines_per_second   : 150579.896767547
  report_file        : w.2022.10.yaml
'Python' :
  nFiles: 2813
  blank: 98184
  comment: 199662
  code: 339442
'C++' :
  nFiles: 802
  blank: 19450
  comment: 28286
  code: 103155
'C/C++ Header' :
  nFiles: 511
  blank: 14911
  comment: 49323
  code: 41210
SUM: 
  blank: 132545
  comment: 277271
  code: 483807
  nFiles: 4126
