---
# github.com/AlDanial/cloc
header :
  cloc_url           : github.com/AlDanial/cloc
  cloc_version       : 1.86
  elapsed_seconds    : 14.6097500324249
  n_files            : 3694
  n_lines            : 735780
  files_per_second   : 252.844846202127
  lines_per_second   : 50362.2579693018
  report_file        : w.2020.02.yaml
'Python' :
  nFiles: 2332
  blank: 74962
  comment: 142862
  code: 255979
'C++' :
  nFiles: 828
  blank: 19983
  comment: 29248
  code: 103550
'C/C++ Header' :
  nFiles: 534
  blank: 15327
  comment: 51591
  code: 42278
SUM:
  blank: 110272
  comment: 223701
  code: 401807
  nFiles: 3694
