---
# github.com/AlDanial/cloc
header :
  cloc_url           : github.com/AlDanial/cloc
  cloc_version       : 1.88
  elapsed_seconds    : 19.1964290142059
  n_files            : 3867
  n_lines            : 800160
  files_per_second   : 201.44371628381
  lines_per_second   : 41682.7525269339
  report_file        : w.2020.37.yaml
'Python' :
  nFiles: 2508
  blank: 87057
  comment: 166306
  code: 284438
'C++' :
  nFiles: 830
  blank: 20045
  comment: 29331
  code: 103964
'C/C++ Header' :
  nFiles: 529
  blank: 15308
  comment: 51503
  code: 42208
SUM:
  blank: 122410
  comment: 247140
  code: 430610
  nFiles: 3867
