---
# github.com/AlDanial/cloc
header : 
  cloc_url           : github.com/AlDanial/cloc
  cloc_version       : 1.72
  elapsed_seconds    : 35.0106167793274
  n_files            : 2205
  n_lines            : 428375
  files_per_second   : 62.9808955922759
  lines_per_second   : 12235.5742173883
  report_file        : w.2016.41.yaml
Python :
  nFiles: 1246
  blank: 35024
  comment: 58360
  code: 130183
C++ :
  nFiles: 528
  blank: 17269
  comment: 24844
  code: 89023
C/C++ Header :
  nFiles: 431
  blank: 11026
  comment: 30605
  code: 32041
SUM: 
  blank: 63319
  comment: 113809
  code: 251247
  nFiles: 2205
