---
# github.com/AlDanial/cloc
header :
  cloc_url           : github.com/AlDanial/cloc
  cloc_version       : 1.72
  elapsed_seconds    : 25.3288929462433
  n_files            : 2255
  n_lines            : 433983
  files_per_second   : 89.0287627171821
  lines_per_second   : 17133.9110999072
  report_file        : w.2017.2.yaml
Python :
  nFiles: 1352
  blank: 39298
  comment: 64386
  code: 140336
C++ :
  nFiles: 502
  blank: 15818
  comment: 23098
  code: 80074
C/C++ Header :
  nFiles: 401
  blank: 10468
  comment: 30555
  code: 29950
SUM:
  blank: 65584
  comment: 118039
  code: 250360
  nFiles: 2255
