---
# github.com/AlDanial/cloc
header : 
  cloc_url           : github.com/AlDanial/cloc
  cloc_version       : 1.86
  elapsed_seconds    : 15.9160120487213
  n_files            : 3690
  n_lines            : 733774
  files_per_second   : 231.841995890953
  lines_per_second   : 46102.8804045767
  report_file        : w.2020.01.yaml
'Python' :
  nFiles: 2328
  blank: 74804
  comment: 142526
  code: 254467
'C++' :
  nFiles: 828
  blank: 19983
  comment: 29248
  code: 103550
'C/C++ Header' :
  nFiles: 534
  blank: 15327
  comment: 51591
  code: 42278
SUM: 
  blank: 110114
  comment: 223365
  code: 400295
  nFiles: 3690
