---
# github.com/AlDanial/cloc
header : 
  cloc_url           : github.com/AlDanial/cloc
  cloc_version       : 1.72
  elapsed_seconds    : 29.7572009563446
  n_files            : 3606
  n_lines            : 696711
  files_per_second   : 121.18075235941
  lines_per_second   : 23413.1900047357
  report_file        : w.2019.19.yaml
Python :
  nFiles: 2236
  blank: 67503
  comment: 127629
  code: 237412
C++ :
  nFiles: 833
  blank: 20454
  comment: 29083
  code: 107455
C/C++ Header :
  nFiles: 537
  blank: 15194
  comment: 49957
  code: 42024
SUM: 
  blank: 103151
  comment: 206669
  code: 386891
  nFiles: 3606
