---
# github.com/AlDanial/cloc
header : 
  cloc_url           : github.com/AlDanial/cloc
  cloc_version       : 1.72
  elapsed_seconds    : 63.6021511554718
  n_files            : 2242
  n_lines            : 438287
  files_per_second   : 35.2503800464164
  lines_per_second   : 6891.07195334687
  report_file        : w.2016.28.yaml
Python :
  nFiles: 1239
  blank: 33353
  comment: 57909
  code: 133801
C++ :
  nFiles: 534
  blank: 17356
  comment: 24940
  code: 90217
C/C++ Header :
  nFiles: 469
  blank: 11926
  comment: 32642
  code: 36143
SUM: 
  blank: 62635
  comment: 115491
  code: 260161
  nFiles: 2242
