---
# github.com/AlDanial/cloc
header :
  cloc_url           : github.com/AlDanial/cloc
  cloc_version       : 2.00
  elapsed_seconds    : 5.64669108390808
  n_files            : 4220
  n_lines            : 997872
  files_per_second   : 747.340333886183
  lines_per_second   : 176718.007975278
  report_file        : w.2024.13.yaml
'Python' :
  nFiles: 2964
  blank: 108500
  comment: 235132
  code: 402448
'C++' :
  nFiles: 755
  blank: 18378
  comment: 27262
  code: 101092
'C/C++ Header' :
  nFiles: 501
  blank: 14780
  comment: 49490
  code: 40790
SUM:
  blank: 141658
  comment: 311884
  code: 544330
  nFiles: 4220
