---
# github.com/AlDanial/cloc
header : 
  cloc_url           : github.com/AlDanial/cloc
  cloc_version       : 1.88
  elapsed_seconds    : 19.0060927867889
  n_files            : 3854
  n_lines            : 789251
  files_per_second   : 202.777080130794
  lines_per_second   : 41526.2099819172
  report_file        : w.2020.30.yaml
'Python' :
  nFiles: 2495
  blank: 85489
  comment: 162464
  code: 278958
'C++' :
  nFiles: 830
  blank: 20044
  comment: 29333
  code: 103949
'C/C++ Header' :
  nFiles: 529
  blank: 15307
  comment: 51499
  code: 42208
SUM: 
  blank: 120840
  comment: 243296
  code: 425115
  nFiles: 3854
