---
# github.com/AlDanial/cloc
header : 
  cloc_url           : github.com/AlDanial/cloc
  cloc_version       : 2.04
  elapsed_seconds    : 5.83849811553955
  n_files            : 4467
  n_lines            : 1073016
  files_per_second   : 765.094021030988
  lines_per_second   : 183782.88024862
  report_file        : w.2024.38.yaml
'Python' :
  nFiles: 3211
  blank: 120170
  comment: 256801
  code: 444123
'C++' :
  nFiles: 755
  blank: 18389
  comment: 27270
  code: 101161
'C/C++ Header' :
  nFiles: 501
  blank: 14784
  comment: 49494
  code: 40824
SUM: 
  blank: 153343
  comment: 333565
  code: 586108
  nFiles: 4467
