---
# github.com/AlDanial/cloc
header :
  cloc_url           : github.com/AlDanial/cloc
  cloc_version       : 1.86
  elapsed_seconds    : 15.9500761032104
  n_files            : 3700
  n_lines            : 739353
  files_per_second   : 231.973814799245
  lines_per_second   : 46354.1988900719
  report_file        : w.2020.05.yaml
'Python' :
  nFiles: 2337
  blank: 75387
  comment: 143816
  code: 257882
'C++' :
  nFiles: 829
  blank: 20019
  comment: 29291
  code: 103772
'C/C++ Header' :
  nFiles: 534
  blank: 15343
  comment: 51596
  code: 42247
SUM:
  blank: 110749
  comment: 224703
  code: 403901
  nFiles: 3700
