---
# github.com/AlDanial/cloc
header : 
  cloc_url           : github.com/AlDanial/cloc
  cloc_version       : 2.00
  elapsed_seconds    : 6.19348692893982
  n_files            : 4033
  n_lines            : 945688
  files_per_second   : 651.167919828056
  lines_per_second   : 152690.723472937
  report_file        : w.2023.43.yaml
'Python' :
  nFiles: 2767
  blank: 101265
  comment: 216931
  code: 374933
'C++' :
  nFiles: 760
  blank: 18522
  comment: 26931
  code: 101623
'C/C++ Header' :
  nFiles: 506
  blank: 14899
  comment: 49344
  code: 41240
SUM: 
  blank: 134686
  comment: 293206
  code: 517796
  nFiles: 4033
