---
# github.com/AlDanial/cloc
header :
  cloc_url           : github.com/AlDanial/cloc
  cloc_version       : 1.72
  elapsed_seconds    : 88.205982208252
  n_files            : 2199
  n_lines            : 429484
  files_per_second   : 24.9302818805217
  lines_per_second   : 4869.10285728693
  report_file        : w.2016.20.yaml
Python :
  nFiles: 1206
  blank: 31849
  comment: 55888
  code: 130655
C++ :
  nFiles: 529
  blank: 17165
  comment: 24743
  code: 89111
C/C++ Header :
  nFiles: 464
  blank: 11827
  comment: 32310
  code: 35936
SUM:
  blank: 60841
  comment: 112941
  code: 255702
  nFiles: 2199
