---
# github.com/AlDanial/cloc
header : 
  cloc_url           : github.com/AlDanial/cloc
  cloc_version       : 2.04
  elapsed_seconds    : 8.70046806335449
  n_files            : 4520
  n_lines            : 1105479
  files_per_second   : 519.512279924087
  lines_per_second   : 127059.715862434
  report_file        : w.2025.06.yaml
'Python' :
  nFiles: 3259
  blank: 123694
  comment: 265928
  code: 462155
'C++' :
  nFiles: 756
  blank: 18412
  comment: 27354
  code: 101458
'C/C++ Header' :
  nFiles: 505
  blank: 14972
  comment: 49699
  code: 41807
SUM: 
  blank: 157078
  comment: 342981
  code: 605420
  nFiles: 4520
