---
# github.com/AlDanial/cloc
header :
  cloc_url           : github.com/AlDanial/cloc
  cloc_version       : 2.00
  elapsed_seconds    : 6.58029103279114
  n_files            : 4111
  n_lines            : 969100
  files_per_second   : 624.74440408698
  lines_per_second   : 147273.121381827
  report_file        : w.2023.52.yaml
'Python' :
  nFiles: 2853
  blank: 104451
  comment: 226788
  code: 386587
'C++' :
  nFiles: 756
  blank: 18426
  comment: 26832
  code: 101182
'C/C++ Header' :
  nFiles: 502
  blank: 14797
  comment: 49212
  code: 40825
SUM:
  blank: 137674
  comment: 302832
  code: 528594
  nFiles: 4111
