---
# github.com/AlDanial/cloc
header : 
  cloc_url           : github.com/AlDanial/cloc
  cloc_version       : 2.04
  elapsed_seconds    : 7.898442029953
  n_files            : 4539
  n_lines            : 1097746
  files_per_second   : 574.670293557502
  lines_per_second   : 138982.598826079
  report_file        : w.2024.45.yaml
'Python' :
  nFiles: 3281
  blank: 123158
  comment: 263839
  code: 458248
'C++' :
  nFiles: 756
  blank: 18410
  comment: 27302
  code: 101286
'C/C++ Header' :
  nFiles: 502
  blank: 14881
  comment: 49546
  code: 41076
SUM: 
  blank: 156449
  comment: 340687
  code: 600610
  nFiles: 4539
