---
# github.com/AlDanial/cloc
header : 
  cloc_url           : github.com/AlDanial/cloc
  cloc_version       : 1.88
  elapsed_seconds    : 18.0005121231079
  n_files            : 3852
  n_lines            : 797189
  files_per_second   : 213.993911598495
  lines_per_second   : 44287.0177552682
  report_file        : w.2020.34.yaml
'Python' :
  nFiles: 2493
  blank: 86600
  comment: 165303
  code: 282937
'C++' :
  nFiles: 830
  blank: 20044
  comment: 29331
  code: 103955
'C/C++ Header' :
  nFiles: 529
  blank: 15308
  comment: 51503
  code: 42208
SUM: 
  blank: 121952
  comment: 246137
  code: 429100
  nFiles: 3852
