---
# github.com/AlDanial/cloc
header :
  cloc_url           : github.com/AlDanial/cloc
  cloc_version       : 1.88
  elapsed_seconds    : 18.3268179893494
  n_files            : 3854
  n_lines            : 798238
  files_per_second   : 210.292916219267
  lines_per_second   : 43555.7334865167
  report_file        : w.2020.35.yaml
'Python' :
  nFiles: 2495
  blank: 86774
  comment: 165689
  code: 283416
'C++' :
  nFiles: 830
  blank: 20045
  comment: 29331
  code: 103964
'C/C++ Header' :
  nFiles: 529
  blank: 15308
  comment: 51503
  code: 42208
SUM:
  blank: 122127
  comment: 246523
  code: 429588
  nFiles: 3854
