---
# github.com/AlDanial/cloc
header : 
  cloc_url           : github.com/AlDanial/cloc
  cloc_version       : 2.00
  elapsed_seconds    : 5.69100594520569
  n_files            : 4209
  n_lines            : 994939
  files_per_second   : 739.588051835689
  lines_per_second   : 174826.561346008
  report_file        : w.2024.11.yaml
'Python' :
  nFiles: 2953
  blank: 108102
  comment: 234282
  code: 400762
'C++' :
  nFiles: 755
  blank: 18378
  comment: 27262
  code: 101095
'C/C++ Header' :
  nFiles: 501
  blank: 14780
  comment: 49489
  code: 40789
SUM: 
  blank: 141260
  comment: 311033
  code: 542646
  nFiles: 4209
