---
# github.com/AlDanial/cloc
header :
  cloc_url           : github.com/AlDanial/cloc
  cloc_version       : 1.92
  elapsed_seconds    : 4.33456897735596
  n_files            : 3959
  n_lines            : 861026
  files_per_second   : 913.354942713347
  lines_per_second   : 198641.665295454
  report_file        : w.2021.34.yaml
'Python' :
  nFiles: 2642
  blank: 96106
  comment: 191645
  code: 317434
'C++' :
  nFiles: 804
  blank: 19439
  comment: 28209
  code: 103006
'C/C++ Header' :
  nFiles: 513
  blank: 14890
  comment: 49137
  code: 41160
SUM:
  blank: 130435
  comment: 268991
  code: 461600
  nFiles: 3959
