---
# github.com/AlDanial/cloc
header :
  cloc_url           : github.com/AlDanial/cloc
  cloc_version       : 1.72
  elapsed_seconds    : 26.4704191684723
  n_files            : 2883
  n_lines            : 527451
  files_per_second   : 108.914028963841
  lines_per_second   : 19926.0539337519
  report_file        : w.2017.49.yaml
Python :
  nFiles: 1619
  blank: 46497
  comment: 78496
  code: 164483
C++ :
  nFiles: 791
  blank: 20221
  comment: 28259
  code: 98320
C/C++ Header :
  nFiles: 473
  blank: 13258
  comment: 42157
  code: 35760
SUM:
  blank: 79976
  comment: 148912
  code: 298563
  nFiles: 2883
