---
# github.com/AlDanial/cloc
header : 
  cloc_url           : github.com/AlDanial/cloc
  cloc_version       : 2.06
  elapsed_seconds    : 5.03038215637207
  n_files            : 4719
  n_lines            : 1191007
  files_per_second   : 938.09970163447
  lines_per_second   : 236762.727557653
  report_file        : w.2025.43.yaml
'Python' :
  nFiles: 3465
  blank: 135184
  comment: 288459
  code: 514464
'C++' :
  nFiles: 752
  blank: 18307
  comment: 27218
  code: 100986
'C/C++ Header' :
  nFiles: 502
  blank: 14958
  comment: 49675
  code: 41756
SUM: 
  blank: 168449
  comment: 365352
  code: 657206
  nFiles: 4719
