---
# github.com/AlDanial/cloc
header : 
  cloc_url           : github.com/AlDanial/cloc
  cloc_version       : 2.04
  elapsed_seconds    : 4.9154040813446
  n_files            : 4697
  n_lines            : 1187916
  files_per_second   : 955.567420759259
  lines_per_second   : 241672.094570717
  report_file        : w.2025.35.yaml
'Python' :
  nFiles: 3443
  blank: 135257
  comment: 285715
  code: 514047
'C++' :
  nFiles: 752
  blank: 18307
  comment: 27218
  code: 100983
'C/C++ Header' :
  nFiles: 502
  blank: 14958
  comment: 49675
  code: 41756
SUM: 
  blank: 168522
  comment: 362608
  code: 656786
  nFiles: 4697
