---
# github.com/AlDanial/cloc
header : 
  cloc_url           : github.com/AlDanial/cloc
  cloc_version       : 1.72
  elapsed_seconds    : 59.871150970459
  n_files            : 2188
  n_lines            : 419846
  files_per_second   : 36.5451467782803
  lines_per_second   : 7012.49254765715
  report_file        : w.2016.42.yaml
Python :
  nFiles: 1273
  blank: 35720
  comment: 59912
  code: 132832
C++ :
  nFiles: 507
  blank: 16228
  comment: 23293
  code: 81691
C/C++ Header :
  nFiles: 408
  blank: 10366
  comment: 29896
  code: 29908
SUM: 
  blank: 62314
  comment: 113101
  code: 244431
  nFiles: 2188
