---
# github.com/AlDanial/cloc
header :
  cloc_url           : github.com/AlDanial/cloc
  cloc_version       : 1.88
  elapsed_seconds    : 15.084673166275
  n_files            : 3859
  n_lines            : 829811
  files_per_second   : 255.822579479389
  lines_per_second   : 55010.2074372561
  report_file        : w.2021.14.yaml
'Python' :
  nFiles: 2555
  blank: 91911
  comment: 181493
  code: 302389
'C++' :
  nFiles: 797
  blank: 19269
  comment: 27974
  code: 102276
'C/C++ Header' :
  nFiles: 507
  blank: 14787
  comment: 48827
  code: 40885
SUM:
  blank: 125967
  comment: 258294
  code: 445550
  nFiles: 3859
