---
# github.com/AlDanial/cloc
header :
  cloc_url           : github.com/AlDanial/cloc
  cloc_version       : 2.04
  elapsed_seconds    : 5.69278883934021
  n_files            : 4365
  n_lines            : 1046163
  files_per_second   : 766.759513340021
  lines_per_second   : 183769.858592059
  report_file        : w.2024.26.yaml
'Python' :
  nFiles: 3109
  blank: 116641
  comment: 249884
  code: 427744
'C++' :
  nFiles: 755
  blank: 18389
  comment: 27270
  code: 101151
'C/C++ Header' :
  nFiles: 501
  blank: 14783
  comment: 49493
  code: 40808
SUM:
  blank: 149813
  comment: 326647
  code: 569703
  nFiles: 4365
