---
# github.com/AlDanial/cloc
header :
  cloc_url           : github.com/AlDanial/cloc
  cloc_version       : 1.86
  elapsed_seconds    : 15.4077529907227
  n_files            : 3716
  n_lines            : 741685
  files_per_second   : 241.177282776891
  lines_per_second   : 48137.1294339015
  report_file        : w.2020.06.yaml
'Python' :
  nFiles: 2353
  blank: 75740
  comment: 144398
  code: 259279
'C++' :
  nFiles: 829
  blank: 20019
  comment: 29291
  code: 103772
'C/C++ Header' :
  nFiles: 534
  blank: 15343
  comment: 51596
  code: 42247
SUM:
  blank: 111102
  comment: 225285
  code: 405298
  nFiles: 3716
