---
# github.com/AlDanial/cloc
header : 
  cloc_url           : github.com/AlDanial/cloc
  cloc_version       : 1.86
  elapsed_seconds    : 13.6959128379822
  n_files            : 3723
  n_lines            : 743004
  files_per_second   : 271.832921546872
  lines_per_second   : 54250.0531939328
  report_file        : w.2020.07.yaml
'Python' :
  nFiles: 2360
  blank: 75930
  comment: 144800
  code: 260006
'C++' :
  nFiles: 829
  blank: 20019
  comment: 29291
  code: 103772
'C/C++ Header' :
  nFiles: 534
  blank: 15343
  comment: 51596
  code: 42247
SUM: 
  blank: 111292
  comment: 225687
  code: 406025
  nFiles: 3723
