---
# github.com/AlDanial/cloc
header : 
  cloc_url           : github.com/AlDanial/cloc
  cloc_version       : 1.88
  elapsed_seconds    : 21.3844830989838
  n_files            : 3804
  n_lines            : 804353
  files_per_second   : 177.885992492415
  lines_per_second   : 37613.8621764594
  report_file        : w.2020.51.yaml
'Python' :
  nFiles: 2507
  blank: 88254
  comment: 173563
  code: 289457
'C++' :
  nFiles: 790
  blank: 19481
  comment: 27877
  code: 101278
'C/C++ Header' :
  nFiles: 507
  blank: 14782
  comment: 48813
  code: 40848
SUM: 
  blank: 122517
  comment: 250253
  code: 431583
  nFiles: 3804
