---
# github.com/AlDanial/cloc
header :
  cloc_url           : github.com/AlDanial/cloc
  cloc_version       : 2.00
  elapsed_seconds    : 6.17307019233704
  n_files            : 4087
  n_lines            : 956346
  files_per_second   : 662.069257704766
  lines_per_second   : 154922.262375562
  report_file        : w.2023.48.yaml
'Python' :
  nFiles: 2824
  blank: 102605
  comment: 221004
  code: 380821
'C++' :
  nFiles: 758
  blank: 18461
  comment: 26876
  code: 101383
'C/C++ Header' :
  nFiles: 505
  blank: 14851
  comment: 49305
  code: 41040
SUM:
  blank: 135917
  comment: 297185
  code: 523244
  nFiles: 4087
