---
# github.com/AlDanial/cloc
header : 
  cloc_url           : github.com/AlDanial/cloc
  cloc_version       : 1.92
  elapsed_seconds    : 6.33795404434204
  n_files            : 3894
  n_lines            : 896577
  files_per_second   : 614.393852141641
  lines_per_second   : 141461.581091833
  report_file        : w.2023.11.yaml
'Python' :
  nFiles: 2629
  blank: 97092
  comment: 198392
  code: 348976
'C++' :
  nFiles: 757
  blank: 18452
  comment: 26826
  code: 101240
'C/C++ Header' :
  nFiles: 508
  blank: 14915
  comment: 49327
  code: 41357
SUM: 
  blank: 130459
  comment: 274545
  code: 491573
  nFiles: 3894
