---
# github.com/AlDanial/cloc
header :
  cloc_url           : github.com/AlDanial/cloc
  cloc_version       : 1.94
  elapsed_seconds    : 6.21943807601929
  n_files            : 3888
  n_lines            : 878492
  files_per_second   : 625.136861638872
  lines_per_second   : 141249.416629335
  report_file        : w.2022.35.yaml
'Python' :
  nFiles: 2575
  blank: 95240
  comment: 190762
  code: 336018
'C++' :
  nFiles: 802
  blank: 19421
  comment: 28263
  code: 103206
'C/C++ Header' :
  nFiles: 511
  blank: 14920
  comment: 49346
  code: 41316
SUM:
  blank: 129581
  comment: 268371
  code: 480540
  nFiles: 3888
