---
# github.com/AlDanial/cloc
header : 
  cloc_url           : github.com/AlDanial/cloc
  cloc_version       : 1.88
  elapsed_seconds    : 14.7798190116882
  n_files            : 3863
  n_lines            : 827114
  files_per_second   : 261.369912374776
  lines_per_second   : 55962.3902935414
  report_file        : w.2021.12.yaml
'Python' :
  nFiles: 2561
  blank: 91558
  comment: 180582
  code: 301019
'C++' :
  nFiles: 795
  blank: 19283
  comment: 27923
  code: 102250
'C/C++ Header' :
  nFiles: 507
  blank: 14787
  comment: 48827
  code: 40885
SUM: 
  blank: 125628
  comment: 257332
  code: 444154
  nFiles: 3863
