---
# github.com/AlDanial/cloc
header :
  cloc_url           : github.com/AlDanial/cloc
  cloc_version       : 1.86
  elapsed_seconds    : 11.5351049900055
  n_files            : 3610
  n_lines            : 715310
  files_per_second   : 312.95770633452
  lines_per_second   : 62011.572553503
  report_file        : w.2019.41.yaml
'Python' :
  nFiles: 2269
  blank: 72804
  comment: 137953
  code: 247752
'C++' :
  nFiles: 816
  blank: 19625
  comment: 28764
  code: 101823
'C/C++ Header' :
  nFiles: 525
  blank: 14956
  comment: 50112
  code: 41521
SUM:
  blank: 107385
  comment: 216829
  code: 391096
  nFiles: 3610
