---
# github.com/AlDanial/cloc
header : 
  cloc_url           : github.com/AlDanial/cloc
  cloc_version       : 1.72
  elapsed_seconds    : 34.2238740921021
  n_files            : 2185
  n_lines            : 423089
  files_per_second   : 63.8443209006615
  lines_per_second   : 12362.3935402929
  report_file        : w.2017.6.yaml
Python :
  nFiles: 1326
  blank: 38614
  comment: 63237
  code: 138621
C++ :
  nFiles: 474
  blank: 15329
  comment: 21877
  code: 78276
C/C++ Header :
  nFiles: 385
  blank: 9983
  comment: 28491
  code: 28661
SUM: 
  blank: 63926
  comment: 113605
  code: 245558
  nFiles: 2185
