---
# github.com/AlDanial/cloc
header : 
  cloc_url           : github.com/AlDanial/cloc
  cloc_version       : 1.88
  elapsed_seconds    : 16.0765240192413
  n_files            : 3767
  n_lines            : 803901
  files_per_second   : 234.31682094285
  lines_per_second   : 50004.6526872254
  report_file        : w.2021.02.yaml
'Python' :
  nFiles: 2470
  blank: 88130
  comment: 173357
  code: 289334
'C++' :
  nFiles: 790
  blank: 19481
  comment: 27878
  code: 101278
'C/C++ Header' :
  nFiles: 507
  blank: 14782
  comment: 48813
  code: 40848
SUM: 
  blank: 122393
  comment: 250048
  code: 431460
  nFiles: 3767
