---
# github.com/AlDanial/cloc
header :
  cloc_url           : github.com/AlDanial/cloc
  cloc_version       : 1.72
  elapsed_seconds    : 28.0441920757294
  n_files            : 3087
  n_lines            : 573179
  files_per_second   : 110.076267901175
  lines_per_second   : 20438.4208485027
  report_file        : w.2018.27.yaml
Python :
  nFiles: 1725
  blank: 49176
  comment: 85383
  code: 182037
C++ :
  nFiles: 843
  blank: 21051
  comment: 29100
  code: 106624
C/C++ Header :
  nFiles: 519
  blank: 14287
  comment: 45650
  code: 39871
SUM:
  blank: 84514
  comment: 160133
  code: 328532
  nFiles: 3087
