---
# github.com/AlDanial/cloc
header :
  cloc_url           : github.com/AlDanial/cloc
  cloc_version       : 1.86
  elapsed_seconds    : 15.5809140205383
  n_files            : 3667
  n_lines            : 728882
  files_per_second   : 235.352046431054
  lines_per_second   : 46780.4391346495
  report_file        : w.2019.49.yaml
'Python' :
  nFiles: 2305
  blank: 74219
  comment: 140578
  code: 252264
'C++' :
  nFiles: 828
  blank: 19985
  comment: 29250
  code: 103550
'C/C++ Header' :
  nFiles: 534
  blank: 15320
  comment: 51572
  code: 42144
SUM:
  blank: 109524
  comment: 221400
  code: 397958
  nFiles: 3667
