---
# github.com/AlDanial/cloc
header : 
  cloc_url           : github.com/AlDanial/cloc
  cloc_version       : 2.04
  elapsed_seconds    : 6.56154298782349
  n_files            : 4692
  n_lines            : 1184818
  files_per_second   : 715.075708367244
  lines_per_second   : 180570.02784234
  report_file        : w.2025.34.yaml
'Python' :
  nFiles: 3438
  blank: 134853
  comment: 285058
  code: 512010
'C++' :
  nFiles: 752
  blank: 18307
  comment: 27218
  code: 100983
'C/C++ Header' :
  nFiles: 502
  blank: 14958
  comment: 49675
  code: 41756
SUM: 
  blank: 168118
  comment: 361951
  code: 654749
  nFiles: 4692
