---
# github.com/AlDanial/cloc
header :
  cloc_url           : github.com/AlDanial/cloc
  cloc_version       : 1.88
  elapsed_seconds    : 17.9027209281921
  n_files            : 3864
  n_lines            : 795201
  files_per_second   : 215.833113608737
  lines_per_second   : 44417.8850348812
  report_file        : w.2020.33.yaml
'Python' :
  nFiles: 2505
  blank: 86293
  comment: 164651
  code: 281908
'C++' :
  nFiles: 830
  blank: 20044
  comment: 29334
  code: 103957
'C/C++ Header' :
  nFiles: 529
  blank: 15307
  comment: 51499
  code: 42208
SUM:
  blank: 121644
  comment: 245484
  code: 428073
  nFiles: 3864
