---
# github.com/AlDanial/cloc
header :
  cloc_url           : github.com/AlDanial/cloc
  cloc_version       : 1.88
  elapsed_seconds    : 18.5188949108124
  n_files            : 3789
  n_lines            : 811022
  files_per_second   : 204.601841429953
  lines_per_second   : 43794.2978728433
  report_file        : w.2021.06.yaml
'Python' :
  nFiles: 2492
  blank: 89018
  comment: 175536
  code: 293273
'C++' :
  nFiles: 790
  blank: 19493
  comment: 27905
  code: 101327
'C/C++ Header' :
  nFiles: 507
  blank: 14784
  comment: 48821
  code: 40865
SUM:
  blank: 123295
  comment: 252262
  code: 435465
  nFiles: 3789
