---
# github.com/AlDanial/cloc
header :
  cloc_url           : github.com/AlDanial/cloc
  cloc_version       : 1.72
  elapsed_seconds    : 54.0887198448181
  n_files            : 2212
  n_lines            : 427894
  files_per_second   : 40.8957728403683
  lines_per_second   : 7910.96556227691
  report_file        : w.2016.39.yaml
Python :
  nFiles: 1253
  blank: 34637
  comment: 58062
  code: 130388
C++ :
  nFiles: 528
  blank: 17271
  comment: 24844
  code: 89025
C/C++ Header :
  nFiles: 431
  blank: 11026
  comment: 30600
  code: 32041
SUM:
  blank: 62934
  comment: 113506
  code: 251454
  nFiles: 2212
