---
# github.com/AlDanial/cloc
header :
  cloc_url           : github.com/AlDanial/cloc
  cloc_version       : 1.86
  elapsed_seconds    : 13.7080399990082
  n_files            : 3763
  n_lines            : 753624
  files_per_second   : 274.510433313024
  lines_per_second   : 54976.7873492146
  report_file        : w.2020.15.yaml
'Python' :
  nFiles: 2400
  blank: 77448
  comment: 148839
  code: 265069
'C++' :
  nFiles: 829
  blank: 20019
  comment: 29291
  code: 103772
'C/C++ Header' :
  nFiles: 534
  blank: 15343
  comment: 51596
  code: 42247
SUM:
  blank: 112810
  comment: 229726
  code: 411088
  nFiles: 3763
