---
# github.com/AlDanial/cloc
header :
  cloc_url           : github.com/AlDanial/cloc
  cloc_version       : 2.04
  elapsed_seconds    : 5.7125928401947
  n_files            : 4365
  n_lines            : 1046446
  files_per_second   : 764.101367296331
  lines_per_second   : 183182.318305103
  report_file        : w.2024.27.yaml
'Python' :
  nFiles: 3109
  blank: 116679
  comment: 249937
  code: 427936
'C++' :
  nFiles: 755
  blank: 18389
  comment: 27270
  code: 101151
'C/C++ Header' :
  nFiles: 501
  blank: 14783
  comment: 49493
  code: 40808
SUM:
  blank: 149851
  comment: 326700
  code: 569895
  nFiles: 4365
