---
# github.com/AlDanial/cloc
header : 
  cloc_url           : github.com/AlDanial/cloc
  cloc_version       : 2.04
  elapsed_seconds    : 4.86710786819458
  n_files            : 4588
  n_lines            : 1133711
  files_per_second   : 942.654267019951
  lines_per_second   : 232933.197846002
  report_file        : w.2025.15.yaml
'Python' :
  nFiles: 3333
  blank: 127579
  comment: 273636
  code: 479673
'C++' :
  nFiles: 752
  blank: 18319
  comment: 27206
  code: 100930
'C/C++ Header' :
  nFiles: 503
  blank: 14960
  comment: 49649
  code: 41759
SUM: 
  blank: 160858
  comment: 350491
  code: 622362
  nFiles: 4588
