---
# github.com/AlDanial/cloc
header : 
  cloc_url           : github.com/AlDanial/cloc
  cloc_version       : 1.92
  elapsed_seconds    : 9.05648589134216
  n_files            : 3931
  n_lines            : 889154
  files_per_second   : 434.053566379203
  lines_per_second   : 98178.6987434072
  report_file        : w.2022.44.yaml
'Python' :
  nFiles: 2618
  blank: 96698
  comment: 193984
  code: 341503
'C++' :
  nFiles: 802
  blank: 19442
  comment: 28275
  code: 103412
'C/C++ Header' :
  nFiles: 511
  blank: 14954
  comment: 49444
  code: 41442
SUM: 
  blank: 131094
  comment: 271703
  code: 486357
  nFiles: 3931
