---
# github.com/AlDanial/cloc
header :
  cloc_url           : github.com/AlDanial/cloc
  cloc_version       : 2.04
  elapsed_seconds    : 8.59761190414429
  n_files            : 4515
  n_lines            : 1102872
  files_per_second   : 525.145825415037
  lines_per_second   : 128276.550778988
  report_file        : w.2025.05.yaml
'Python' :
  nFiles: 3254
  blank: 123386
  comment: 265068
  code: 460716
'C++' :
  nFiles: 756
  blank: 18412
  comment: 27354
  code: 101458
'C/C++ Header' :
  nFiles: 505
  blank: 14972
  comment: 49699
  code: 41807
SUM:
  blank: 156770
  comment: 342121
  code: 603981
  nFiles: 4515
