---
# github.com/AlDanial/cloc
header :
  cloc_url           : github.com/AlDanial/cloc
  cloc_version       : 1.72
  elapsed_seconds    : 25.5583558082581
  n_files            : 2740
  n_lines            : 491468
  files_per_second   : 107.205644234544
  lines_per_second   : 19229.2494746944
  report_file        : w.2017.15.yaml
Python :
  nFiles: 1461
  blank: 40587
  comment: 67083
  code: 145195
C++ :
  nFiles: 810
  blank: 21038
  comment: 30086
  code: 99925
C/C++ Header :
  nFiles: 469
  blank: 13620
  comment: 37554
  code: 36380
SUM:
  blank: 75245
  comment: 134723
  code: 281500
  nFiles: 2740
