---
# github.com/AlDanial/cloc
header : 
  cloc_url           : github.com/AlDanial/cloc
  cloc_version       : 1.88
  elapsed_seconds    : 20.2550430297852
  n_files            : 3781
  n_lines            : 804459
  files_per_second   : 186.669561473655
  lines_per_second   : 39716.4794375918
  report_file        : w.2020.52.yaml
'Python' :
  nFiles: 2484
  blank: 88208
  comment: 173553
  code: 289619
'C++' :
  nFiles: 790
  blank: 19481
  comment: 27877
  code: 101278
'C/C++ Header' :
  nFiles: 507
  blank: 14782
  comment: 48813
  code: 40848
SUM: 
  blank: 122471
  comment: 250243
  code: 431745
  nFiles: 3781
