---
# github.com/AlDanial/cloc
header :
  cloc_url           : github.com/AlDanial/cloc
  cloc_version       : 1.92
  elapsed_seconds    : 4.35285496711731
  n_files            : 3967
  n_lines            : 863606
  files_per_second   : 911.355887105781
  lines_per_second   : 198399.902253561
  report_file        : w.2021.36.yaml
'Python' :
  nFiles: 2651
  blank: 96442
  comment: 192547
  code: 318827
'C++' :
  nFiles: 803
  blank: 19434
  comment: 28185
  code: 102999
'C/C++ Header' :
  nFiles: 513
  blank: 14890
  comment: 49125
  code: 41157
SUM:
  blank: 130766
  comment: 269857
  code: 462983
  nFiles: 3967
