---
# github.com/AlDanial/cloc
header : 
  cloc_url           : github.com/AlDanial/cloc
  cloc_version       : 1.72
  elapsed_seconds    : 23.3172018527985
  n_files            : 2185
  n_lines            : 423269
  files_per_second   : 93.7076418428724
  lines_per_second   : 18152.6498193093
  report_file        : w.2017.7.yaml
Python :
  nFiles: 1326
  blank: 38650
  comment: 63245
  code: 138757
C++ :
  nFiles: 474
  blank: 15329
  comment: 21877
  code: 78276
C/C++ Header :
  nFiles: 385
  blank: 9983
  comment: 28491
  code: 28661
SUM: 
  blank: 63962
  comment: 113613
  code: 245694
  nFiles: 2185
