---
# github.com/AlDanial/cloc
header :
  cloc_url           : github.com/AlDanial/cloc
  cloc_version       : 1.86
  elapsed_seconds    : 18.8160271644592
  n_files            : 3750
  n_lines            : 749253
  files_per_second   : 199.298181663088
  lines_per_second   : 39819.9361348304
  report_file        : w.2020.12.yaml
'Python' :
  nFiles: 2387
  blank: 76805
  comment: 147167
  code: 263013
'C++' :
  nFiles: 829
  blank: 20019
  comment: 29291
  code: 103772
'C/C++ Header' :
  nFiles: 534
  blank: 15343
  comment: 51596
  code: 42247
SUM:
  blank: 112167
  comment: 228054
  code: 409032
  nFiles: 3750
