---
# github.com/AlDanial/cloc
header : 
  cloc_url           : github.com/AlDanial/cloc
  cloc_version       : 1.86
  elapsed_seconds    : 16.1915240287781
  n_files            : 3687
  n_lines            : 733787
  files_per_second   : 227.711733215903
  lines_per_second   : 45319.2052024133
  report_file        : w.2019.52.yaml
'Python' :
  nFiles: 2325
  blank: 74806
  comment: 142485
  code: 254519
'C++' :
  nFiles: 828
  blank: 19983
  comment: 29248
  code: 103550
'C/C++ Header' :
  nFiles: 534
  blank: 15327
  comment: 51591
  code: 42278
SUM: 
  blank: 110116
  comment: 223324
  code: 400347
  nFiles: 3687
