---
# github.com/AlDanial/cloc
header :
  cloc_url           : github.com/AlDanial/cloc
  cloc_version       : 1.92
  elapsed_seconds    : 8.92885112762451
  n_files            : 3903
  n_lines            : 899201
  files_per_second   : 437.122306578134
  lines_per_second   : 100707.357211726
  report_file        : w.2023.13.yaml
'Python' :
  nFiles: 2638
  blank: 97482
  comment: 199026
  code: 350576
'C++' :
  nFiles: 757
  blank: 18452
  comment: 26826
  code: 101240
'C/C++ Header' :
  nFiles: 508
  blank: 14915
  comment: 49327
  code: 41357
SUM:
  blank: 130849
  comment: 275179
  code: 493173
  nFiles: 3903
