---
# github.com/AlDanial/cloc
header :
  cloc_url           : github.com/AlDanial/cloc
  cloc_version       : 1.72
  elapsed_seconds    : 30.2592120170593
  n_files            : 3625
  n_lines            : 705330
  files_per_second   : 119.79822865038
  lines_per_second   : 23309.5957555786
  report_file        : w.2019.23.yaml
Python :
  nFiles: 2254
  blank: 68757
  comment: 129573
  code: 241798
C++ :
  nFiles: 834
  blank: 20519
  comment: 29117
  code: 107733
C/C++ Header :
  nFiles: 537
  blank: 15247
  comment: 50205
  code: 42381
SUM:
  blank: 104523
  comment: 208895
  code: 391912
  nFiles: 3625
