---
# github.com/AlDanial/cloc
header : 
  cloc_url           : github.com/AlDanial/cloc
  cloc_version       : 2.00
  elapsed_seconds    : 5.21682095527649
  n_files            : 3916
  n_lines            : 902947
  files_per_second   : 750.648725262309
  lines_per_second   : 173083.762647964
  report_file        : w.2023.29.yaml
'Python' :
  nFiles: 2652
  blank: 96259
  comment: 200336
  code: 354551
'C++' :
  nFiles: 758
  blank: 18434
  comment: 26884
  code: 101040
'C/C++ Header' :
  nFiles: 506
  blank: 14891
  comment: 49339
  code: 41213
SUM: 
  blank: 129584
  comment: 276559
  code: 496804
  nFiles: 3916
