---
# github.com/AlDanial/cloc
header : 
  cloc_url           : github.com/AlDanial/cloc
  cloc_version       : 1.86
  elapsed_seconds    : 12.3319418430328
  n_files            : 3661
  n_lines            : 728386
  files_per_second   : 296.871331911799
  lines_per_second   : 59064.9882452629
  report_file        : w.2019.48.yaml
'Python' :
  nFiles: 2299
  blank: 74193
  comment: 140272
  code: 252100
'C++' :
  nFiles: 828
  blank: 19985
  comment: 29250
  code: 103550
'C/C++ Header' :
  nFiles: 534
  blank: 15320
  comment: 51572
  code: 42144
SUM: 
  blank: 109498
  comment: 221094
  code: 397794
  nFiles: 3661
