---
# github.com/AlDanial/cloc
header : 
  cloc_url           : github.com/AlDanial/cloc
  cloc_version       : 1.72
  elapsed_seconds    : 23.3472270965576
  n_files            : 2247
  n_lines            : 432290
  files_per_second   : 96.2426925778824
  lines_per_second   : 18515.6891742291
  report_file        : w.2017.3.yaml
Python :
  nFiles: 1344
  blank: 38924
  comment: 63965
  code: 139438
C++ :
  nFiles: 502
  blank: 15818
  comment: 23098
  code: 80074
C/C++ Header :
  nFiles: 401
  blank: 10468
  comment: 30555
  code: 29950
SUM: 
  blank: 65210
  comment: 117618
  code: 249462
  nFiles: 2247
