---
# github.com/AlDanial/cloc
header : 
  cloc_url           : github.com/AlDanial/cloc
  cloc_version       : 2.04
  elapsed_seconds    : 4.79420185089111
  n_files            : 4655
  n_lines            : 1172555
  files_per_second   : 970.964541080964
  lines_per_second   : 244577.728779203
  report_file        : w.2025.35.yaml
'Python' :
  nFiles: 3401
  blank: 132685
  comment: 283501
  code: 503472
'C++' :
  nFiles: 752
  blank: 18307
  comment: 27218
  code: 100983
'C/C++ Header' :
  nFiles: 502
  blank: 14958
  comment: 49675
  code: 41756
SUM: 
  blank: 165950
  comment: 360394
  code: 646211
  nFiles: 4655
