---
# github.com/AlDanial/cloc
header : 
  cloc_url           : github.com/AlDanial/cloc
  cloc_version       : 1.88
  elapsed_seconds    : 14.8523960113525
  n_files            : 3784
  n_lines            : 813842
  files_per_second   : 254.773707697241
  lines_per_second   : 54795.333990417
  report_file        : w.2021.08.yaml
'Python' :
  nFiles: 2484
  blank: 89361
  comment: 176410
  code: 294219
'C++' :
  nFiles: 793
  blank: 19290
  comment: 27873
  code: 102213
'C/C++ Header' :
  nFiles: 507
  blank: 14786
  comment: 48824
  code: 40866
SUM: 
  blank: 123437
  comment: 253107
  code: 437298
  nFiles: 3784
