---
# github.com/AlDanial/cloc
header : 
  cloc_url           : github.com/AlDanial/cloc
  cloc_version       : 1.72
  elapsed_seconds    : 26.2394540309906
  n_files            : 3089
  n_lines            : 573493
  files_per_second   : 117.723486028013
  lines_per_second   : 21856.133108664
  report_file        : w.2018.28.yaml
Python :
  nFiles: 1727
  blank: 49218
  comment: 85458
  code: 182179
C++ :
  nFiles: 843
  blank: 21053
  comment: 29102
  code: 106654
C/C++ Header :
  nFiles: 519
  blank: 14288
  comment: 45666
  code: 39875
SUM: 
  blank: 84559
  comment: 160226
  code: 328708
  nFiles: 3089
